all_theta =

 Columns 1 through 12:

  -3.32155   0.00000   0.00000   0.00009  -0.00081  -0.00088   0.00142  -0.01753  -0.00106   0.00056   0.00047   0.00007
  -3.25331   0.00000   0.00000  -0.00003   0.00040  -0.00092  -0.01640  -0.00912  -0.01320  -0.00159  -0.00860  -0.00324
  -4.93715   0.00000   0.00000  -0.00001  -0.00012   0.00339   0.01381  -0.01986  -0.00621  -0.00090  -0.00948  -0.00290
  -2.38225   0.00000   0.00000  -0.00001  -0.00002   0.00148  -0.00093   0.00114   0.05630   0.04287   0.07249   0.02202
   0.61941   0.00000   0.00000  -0.00000   0.00008  -0.00084  -0.00753  -0.00319  -0.01537  -0.00925  -0.00140   0.00011
  -3.63839   0.00000   0.00000  -0.00000   0.00002  -0.00013  -0.00025  -0.00144  -0.00106  -0.00020  -0.00042  -0.00014
  -2.09881   0.00000   0.00000  -0.00003   0.00018   0.00082   0.00472   0.04835   0.00323  -0.00257  -0.00600  -0.00214
  -8.13639   0.00000   0.00000  -0.00000   0.00005   0.00008  -0.00018  -0.00696  -0.00598   0.00051   0.00007   0.00001
  -5.14065   0.00000   0.00000  -0.00000   0.00002   0.00037  -0.00537  -0.00371  -0.00059  -0.01604  -0.00884  -0.00021
  -6.05716   0.00000   0.00000  -0.00000  -0.00001   0.00013   0.00091   0.00003  -0.00051  -0.00089  -0.00166  -0.00033

 Columns 13 through 24:

   0.00040   0.00179   0.00155   0.00426   0.00561   0.00047  -0.00008  -0.00000   0.00000  -0.00000   0.00001  -0.00111
   0.00402   0.00546   0.00239  -0.00499  -0.00244   0.00387  -0.00012  -0.00002   0.00000  -0.00000  -0.00001   0.00062
  -0.00351  -0.01301   0.01711   0.02831  -0.00227  -0.00070  -0.00001   0.00001   0.00000  -0.00000   0.00000   0.00043
  -0.00331   0.00494   0.03024   0.01145  -0.00044   0.00022   0.00003  -0.00000   0.00000  -0.00000   0.00010  -0.00009
   0.00179   0.00845  -0.03898  -0.06158   0.00004   0.00094   0.00000  -0.00001   0.00000  -0.00000  -0.00001  -0.00065
   0.00008   0.00009   0.00036   0.00053   0.00012   0.00002   0.00000  -0.00000   0.00000   0.00000  -0.00001  -0.00001
   0.00017   0.00048  -0.00449  -0.00168   0.00032   0.00003   0.00000  -0.00000   0.00000  -0.00000   0.00000   0.00028
   0.00004   0.00014   0.00061   0.00168   0.00127   0.00017   0.00001  -0.00000   0.00000  -0.00000  -0.00001   0.00007
   0.00104   0.00166   0.00307   0.00346   0.00114   0.00091   0.00013  -0.00002   0.00000  -0.00000  -0.00001  -0.00001
   0.00034   0.00058   0.00631   0.00557   0.00000   0.00002   0.00000  -0.00000   0.00000  -0.00000  -0.00001  -0.00000

 Columns 25 through 36:

   0.00923   0.01059   0.00201  -0.02346   0.00011   0.00071  -0.00931  -0.00117  -0.00448  -0.01959  -0.01153  -0.03846
  -0.00415   0.01338   0.15339  -0.08648  -0.17898  -0.03110  -0.03375  -0.02952  -0.06490  -0.06261  -0.02646   0.03669
  -0.00349  -0.01219  -0.04839  -0.11640  -0.08360  -0.06484  -0.06089  -0.03491   0.04783   0.12729  -0.23020  -0.33901
  -0.00802  -0.04280  -0.00560  -0.11864  -0.73586  -0.27258  -0.03363   0.07555   0.05104   0.02306  -0.28330  -0.11722
   0.00688   0.02024   0.02507  -0.00174  -0.07418  -0.04649  -0.02404   0.00451  -0.01473  -0.09381   0.42472   0.67924
  -0.00026   0.00842   0.01108   0.00111   0.00376   0.01198   0.00896   0.01120   0.00256   0.01408   0.00690   0.00082
  -0.00173  -0.01144  -0.11239   0.10689   0.21067   0.11830   0.06063   0.00676  -0.02861  -0.04822   0.04548   0.03592
  -0.00002   0.00035   0.00935  -0.00094  -0.02679  -0.03545  -0.01926   0.00431   0.00203  -0.00154  -0.00079  -0.00397
   0.00114  -0.00421  -0.00152  -0.01127  -0.08667  -0.17352  -0.06618  -0.00410  -0.01755  -0.01923  -0.01877  -0.02603
   0.00143   0.00185  -0.01000   0.00161   0.00421   0.00067   0.01333   0.01270   0.01366   0.00905  -0.04904  -0.05990

 Columns 37 through 48:

  -0.05264   0.00616   0.00965   0.00032   0.00017   0.00000  -0.00028   0.00032   0.02661   0.06579   0.09801   0.09655
   0.02509  -0.04716   0.00621   0.00114   0.00009   0.00000   0.00029   0.00340  -0.01962  -0.34343  -0.26944  -0.38893
   0.01558  -0.01291  -0.03233  -0.00473   0.00060   0.00000  -0.00013  -0.00683   0.06211   0.38340   0.81454   0.68864
   0.01117   0.00026   0.00124   0.00060   0.00021  -0.00002  -0.00126   0.01036   0.09313   0.23025   0.00009  -0.21757
  -0.00253  -0.01156  -0.00394   0.00023   0.00002   0.00000  -0.00002   0.00986  -0.07406  -0.34002  -0.69175  -0.85775
   0.00145   0.00062   0.00013   0.00003   0.00001  -0.00001   0.00015  -0.00125   0.01175  -0.07823  -0.40234  -0.20380
   0.00891   0.01432   0.00847  -0.00084   0.00047   0.00000  -0.00001  -0.00041   0.00352  -0.00765   0.31372   0.18667
   0.00754   0.01546   0.00923   0.00057   0.00034   0.00000  -0.00008   0.00025   0.00711   0.00660  -0.08042  -0.20092
  -0.00838  -0.00668   0.00286  -0.00119  -0.00178   0.00000   0.00002   0.00028  -0.00311  -0.04821  -0.12732  -0.17697
  -0.00857   0.00695   0.00578  -0.00023   0.00001   0.00000   0.00005   0.00001  -0.00612  -0.02335  -0.06118  -0.10493

 Columns 49 through 60:

  -0.05759  -0.08775  -0.02305  -0.03890  -0.00531  -0.06001  -0.17001  -0.27730  -0.21554  -0.04495   0.05143   0.00073
  -0.45168  -0.27521   0.06784   0.44503   0.64154  -0.05065  -1.01662  -0.42197   0.13640  -0.35338  -0.07965   0.03663
   0.31789  -0.09655  -0.07106  -0.13370  -0.20442   0.34351   0.69352   0.35764   0.24743   0.38934   0.63273   0.03091
  -1.79967  -1.74441  -0.44612   0.21064  -0.91718  -1.49892  -1.27371  -0.29500  -0.02175  -0.03548  -0.02852   0.00562
  -0.26106  -0.11973   0.01196   0.00538  -0.07832  -0.20892   0.82636   1.32504  -0.33716  -0.21085   0.00739   0.00215
  -0.36752  -0.63765  -0.53179  -0.27738  -0.10773  -0.15626  -0.12058  -0.08399  -0.00023  -0.00050  -0.00133  -0.00010
   2.07534   3.11902   2.08893   1.01264   1.02239   0.38891  -0.17522  -0.32970  -0.38042  -0.28183  -0.19430  -0.02746
  -0.17885  -0.03768   0.02382  -0.03049   0.00294  -0.06286  -0.26352  -0.49960  -0.39919  -0.18183  -0.10721  -0.00003
  -0.90035  -1.41309  -0.50693  -0.13819  -0.18627  -0.10310  -0.08261  -0.04494  -0.09693  -0.06162  -0.10733   0.02123
  -0.17501  -0.26023  -0.28282  -0.40358  -0.51044  -0.39862  -0.68393  -0.41722   0.06189  -0.05859  -0.07635   0.01002

 Columns 61 through 72:

  -0.00039   0.00000   0.00136   0.00483  -0.16802  -0.61478  -0.95596  -1.29475  -0.76455  -0.84552  -0.07809   0.34442
  -0.00303   0.00016  -0.00003  -0.04690   0.07525   0.11533   0.25910   0.51425   0.56946   0.09982  -1.41183  -0.30531
  -0.00470   0.00000   0.00108  -0.02834   0.09505   0.58078   0.42090   0.37127  -0.12154  -0.67691  -0.53960  -0.53506
   0.00033   0.00010   0.00050  -0.06734   0.11768   0.96317   0.21116   0.96175  -0.35674  -0.12187   0.87945   0.86713
   0.00021   0.00001   0.00120   0.03452  -0.43007  -1.14165  -1.49288  -0.91619  -0.29579  -0.16014  -0.54988  -0.68082
  -0.00014  -0.00008  -0.00010   0.01922  -0.06508  -0.65740  -0.50907  -0.16534  -0.53179  -0.26827   0.82649   0.67694
  -0.00236   0.00000  -0.00000   0.00848  -0.06046  -0.45326   0.29694  -0.11122   1.46117   1.11785   1.11782   0.41032
  -0.00411   0.00000   0.00130  -0.00206  -0.12251  -0.23793  -0.73561  -0.81893   0.21894   0.90905   0.57873  -0.51015
   0.03264   0.00000   0.00046   0.00146  -0.05747  -0.24692  -0.58055  -0.73981  -0.98520  -0.58506  -0.22350  -0.04651
   0.00206   0.00000   0.00071   0.00133  -0.08809  -0.19961  -0.28762  -0.52849  -0.47370  -0.29510   0.05292   0.41467

 Columns 73 through 84:

  -0.11149  -0.00062  -0.52993  -0.71576  -1.08215  -1.46896  -1.40817  -0.03256  -0.01741   0.00000   0.00683  -0.05151
   1.12332   0.21111  -0.07457   0.54359  -0.19588  -0.30684  -0.72220  -0.34042   0.01778   0.00191  -0.00633  -0.11992
  -0.23063   0.87329   1.56141   1.47197   0.21712   0.71251   1.32544   0.21045  -0.02916   0.00000  -0.00318  -0.02714
  -0.57050  -2.11522  -1.46854  -0.81742  -0.66069  -0.28376  -0.17051  -0.05848  -0.01959   0.00122   0.00613  -0.24811
  -0.19229   0.13727   0.00277  -0.02740   0.25377  -0.01056   0.33571  -0.01589  -0.00486  -0.00001   0.00650   0.03848
   0.30162  -0.43268  -0.33401  -0.25448  -0.40006  -0.09181   0.00696  -0.00203  -0.00083  -0.00314  -0.01738  -0.09416
   0.67893   1.71651   0.18288  -1.19641  -0.78783  -0.53036   0.01331   0.32810  -0.02333   0.00000   0.00097   0.03750
  -0.40346  -0.06777  -0.07371  -0.09614  -0.79464  -0.82020  -0.54267  -0.05629  -0.01529   0.00001   0.00294  -0.00374
   0.57269   0.03180  -1.05695  -1.01118  -0.54270  -0.24191  -0.07523   0.00364  -0.00906   0.00001   0.00055   0.00448
  -0.10996  -0.11334  -0.42177  -0.19093   0.66170   0.26392  -0.02531  -0.05818  -0.01810  -0.00001   0.00170  -0.00057

 Columns 85 through 96:

  -0.16055  -0.45506  -3.02000  -2.31779   0.00653   1.41035   2.10832   0.00934  -0.51399   0.10692  -1.03323  -1.07504
   0.44687  -0.23239  -0.59552   0.12374  -0.36276  -1.98945  -2.43361  -0.27225   0.61141   1.05729   0.37449  -0.04261
   0.30336   0.66538   0.03478   0.59647   0.65770  -1.08945  -1.13201  -0.98878  -0.99317  -0.23472  -0.12941   1.11879
  -0.83894  -0.08690  -0.60272  -0.09102  -0.93146  -1.01649  -0.23783   1.91207  -0.33536  -1.02823   2.01694   0.03209
  -1.09519  -2.11852  -1.09960  -0.07203   0.10191   0.53907   0.30369  -0.88442  -1.23828   1.19354   0.99244  -1.25927
  -0.08370  -0.24548  -0.02742  -0.16695  -0.10756   0.92550   0.61528   0.96145   0.57437  -0.39265  -1.08301  -0.61360
  -0.49137  -0.43424   1.85724   0.96553  -0.62466  -1.72605  -0.60960   0.53785   0.30247   0.63920  -1.62524  -2.17903
  -0.31201  -0.87506  -1.16198  -0.13710   0.85965   0.44802  -0.00363  -1.11927  -0.83173  -0.19934  -0.58587   0.29645
  -0.08486  -0.65631  -1.06152  -0.70087   0.59527   2.10463   0.76190  -0.49053   0.17562   0.23610  -0.88966  -0.75001
  -0.19167  -0.42026  -0.26135  -0.39822  -0.26931   0.61576   1.04962   1.56691   0.48364   0.60804   0.67678  -0.34398

 Columns 97 through 108:

   1.86344   0.17320  -1.30754  -0.23988  -0.03929  -0.00002  -0.01595  -0.12639   1.59009   0.11357  -0.80237  -1.49382
   0.28810   0.65196  -0.87530  -1.02669   0.01138  -0.01384  -0.13564   0.05968   0.82918   0.35054   0.44361   0.46059
   0.03824   0.29668   1.14371   0.11658  -0.05683   0.00007  -0.01101  -0.06126   0.53585   0.47221  -0.26008  -0.10577
  -2.22808  -1.10036   0.44918  -0.91943  -0.20395  -0.00007  -0.00739  -0.10413  -0.83415  -0.39086  -0.51593   0.77468
   0.31966   0.34336  -0.11310  -0.10974   0.00136  -0.00011   0.01277  -0.06630  -1.04200  -0.86680  -0.98419  -1.13216
  -1.25610  -0.81416  -0.31749  -0.00998  -0.00204   0.02404   0.14199   0.29874  -0.01723  -0.81217  -1.89899  -0.93569
  -1.58805  -0.50874   0.77842   0.34874  -0.34840  -0.00010   0.00263  -0.02109  -0.36168   0.40817   1.05107   1.08684
   0.46110  -0.47863  -0.63989  -0.30625  -0.00413  -0.00012  -0.00109   0.03947  -0.39962  -1.08156   0.07287   0.44801
  -0.85504  -0.94140  -0.12785   0.03418  -0.18588  -0.00007   0.00102   0.01165  -0.27405  -1.16332  -0.63034  -0.22258
   0.71236   1.01883   0.08105  -0.18577  -0.05431  -0.00020   0.00352  -0.03223  -0.31992  -0.63952  -0.39290  -1.05443

 Columns 109 through 120:

  -0.84228   2.35840   1.55050  -2.09518  -1.29663  -0.14031  -1.59429  -1.65138   3.94700   0.92203  -3.27031  -0.68639
  -0.20522  -2.79781  -2.09963   1.40751   0.89680  -0.12977   1.34203   0.04534   0.18975   1.36012  -0.08179  -1.29477
  -0.17022  -1.21694  -0.40685  -0.92187  -1.55679  -0.48222  -0.24273   0.45327  -0.65343   0.04302   1.92582   0.17105
  -0.15765   0.11462   0.74389   0.96496   0.22485   1.41724  -1.67392  -1.28363  -1.72635  -0.07466  -0.84108  -2.01515
  -0.05541   0.98015   1.19689  -0.87463  -2.71695   0.65595   1.33542   0.48553   0.40437   0.64073  -1.11421  -0.68361
  -0.22385  -0.82213  -0.02610   1.18874  -1.94487   0.57586  -0.58779  -1.78572   0.85823  -0.86982  -0.79228  -0.01656
   0.38437   1.17945  -1.38323  -0.56930  -0.45673   0.51500  -2.45921  -1.83586  -0.72550  -0.11838   1.07366   0.95866
   0.73966  -0.03411  -0.40435  -0.34622  -0.97067   0.10848  -0.50828  -0.58272   0.87209  -0.50102  -0.38144  -0.54694
  -0.05696   0.69520   0.97467   0.09065  -0.78379  -0.21577   0.02481   0.00107  -0.12456  -0.37755  -0.20690  -0.08041
  -0.40418   0.36836   0.18688   0.92612   1.64156   0.48116   1.40521   0.21606  -0.49377  -1.26348  -0.61237  -0.30791

 Columns 121 through 132:

  -0.04531  -0.00016   0.01399  -0.80371  -0.33739  -0.56215  -1.44029  -0.63380  -1.02294  -0.61834  -1.19431  -0.99067
  -0.04241  -0.07599  -0.40723   0.32114   0.96900   0.04733  -0.21932   0.80854   0.31268  -2.55801  -1.60578   0.55095
  -0.10797   0.00016  -0.00882  -0.12172  -0.29333  -0.10968  -0.19315  -0.58418  -0.74352  -0.82450  -0.40273   0.61989
  -0.43704   0.00210  -0.02843  -0.40480  -0.38555   0.45742  -0.02591  -1.36442  -0.88909   0.55699   1.34159   0.43754
  -0.01783   0.00228  -0.01402  -0.26794  -0.61584   1.05464   0.79229   0.70854   0.48549   0.04180   0.17098   0.25689
  -0.00725   0.14529   1.16680   0.95211  -0.27670  -0.26403  -0.77038  -0.28723   0.72925   1.27731   0.67646   0.85798
  -0.13619   0.00023  -0.00111  -0.08759   0.01342   0.48873  -0.57991   1.04206   0.13183   0.32549  -1.58387   0.65086
  -0.03315  -0.00006  -0.00725   0.04166  -0.41601  -0.67228   0.04158   0.96911   0.52664   0.03178   0.03489  -0.40824
  -0.10064  -0.00006   0.00143   0.00899  -0.44335  -1.29120  -0.54814  -0.10999  -0.40840   0.40398   0.80252  -0.17570
  -0.04099   0.00299  -0.02554  -0.33002  -0.80918  -0.92720  -0.27150  -1.10125   0.11290  -0.21343   0.00708   0.10412

 Columns 133 through 144:

  -0.68266  -0.18543  -0.88014  -1.86119  -1.95323  -0.04942  -1.82531  -1.13252  -0.02892  -0.00084   0.04838  -1.59309
   0.42693  -0.57135   0.80761   0.65317  -0.08794  -1.09568  -0.76906  -1.15988  -0.08675  -0.05153  -0.34959   0.99470
  -0.81898  -0.61460  -0.27116   0.29427   0.16308   0.14663   0.51414   0.17008  -0.12606   0.00024  -0.00773  -0.01097
   0.80476   2.13097  -0.97797  -0.80802  -0.91460   0.55725   0.33759  -0.99554  -0.21809  -0.00447  -0.83642  -2.01016
   0.13640  -2.59913  -1.31676   1.31672   0.05982  -0.08297   0.11437  -0.62855  -0.14132   0.00246  -0.03244  -0.50870
   0.62681   1.96331   1.33192   0.17172   1.77239  -0.15051  -1.10780  -0.06338  -0.01099   0.12506   0.87263   0.21467
  -0.34781  -0.05734  -2.14769   0.11931   1.28186  -1.06916   0.12207   0.80148  -0.15541   0.00016   0.00477  -0.20087
  -1.08996   0.79635   0.80945  -0.07780   0.04313  -0.71993   0.11026  -0.75460  -0.10644   0.00154  -0.02115  -0.00279
  -0.20366   0.56754   0.14996  -1.23449  -0.25870  -0.07644  -0.60984   0.61582   0.12204  -0.00174  -0.01437  -0.00216
   0.80605   0.28316   0.03087   0.09183   0.02069   0.15650  -0.97757  -0.67492  -0.02673   0.00414  -0.03381  -0.89241

 Columns 145 through 156:

  -2.72558  -0.85092  -1.07178   0.10354  -0.78078   0.79651  -2.27027  -2.31312  -1.22658  -2.32145   1.50182   2.28837
  -0.01575  -0.40227   0.41840   0.43380  -0.17418  -1.90779  -0.64971  -0.97846   0.71276  -0.03907   0.07426   0.48734
  -0.12888   0.93626  -0.10019  -0.28512  -1.27225  -0.58933  -0.56319   0.08050  -0.29947  -2.07285  -1.11767  -0.72366
  -0.06124  -0.09351  -0.23514   0.18628  -0.06936   0.03450   1.75119  -0.63451   0.11189  -1.29196  -0.91513  -1.05762
  -1.18196  -0.23832  -0.40831  -0.99501   1.20747   0.52825   0.12135   0.41010   1.35075  -1.17581  -0.53018   1.10514
  -0.21434  -0.22838  -0.64675  -1.35866  -0.07078  -0.16609   0.27627   0.73062  -0.10212   0.35196   1.15857   0.50883
   0.04943   0.50035  -0.10083   0.63381  -0.49960  -0.58330  -0.18253  -0.18918  -1.08806  -0.72778  -1.12140   0.16568
  -0.16325  -0.25025  -0.33913   0.57380   1.20914   0.10479  -0.51045  -0.23395  -0.07642   1.38145   0.68235   0.19701
  -0.54780  -0.00667   0.55686  -0.46931   0.62012   1.31603   0.35739  -0.15623   0.60240   0.25778  -0.05563  -1.25384
  -1.04661   0.12787   0.78735  -0.41504   0.04276   0.32887   0.71532   1.07946  -0.04115   1.07677  -0.07667   2.00115

 Columns 157 through 168:

  -0.90646  -0.03390   0.05586  -2.53653   0.00077   0.02041  -0.25159  -1.23948  -0.54773  -1.86301  -1.34289   0.25463
   0.95360  -0.83730  -0.94285  -1.07496  -0.14690  -0.03304   0.26358   0.99661  -0.37704   0.47906   0.56238  -0.52864
  -0.25168   0.50989  -0.12705   0.35419  -0.10496   0.00131  -0.01223   0.13062  -0.07858   0.50549  -0.29914  -0.49060
  -0.65680  -0.55989  -0.68770  -2.07361  -0.15516  -0.07386  -1.00139  -1.64360  -0.36107  -0.65440  -0.87598  -0.66128
  -0.17474  -0.13382   0.51817  -0.62995  -0.15869   0.00335  -0.10845  -0.00378  -0.34328   0.39090   0.77105   1.23265
   0.82181  -0.27093  -1.71503  -0.06790  -0.01368   0.02008   0.06040  -0.67737  -1.78012  -0.15862  -0.28322  -0.63071
  -0.41601  -1.28230  -0.25674   0.52027  -0.27257   0.00287  -0.02537  -0.35562  -0.25510  -0.10071   0.31732   1.02505
  -1.03408   0.48904  -0.14331  -1.21446  -0.14875   0.00154  -0.01470  -0.08960   0.03303   0.03826  -0.60260   0.50773
  -0.20836  -1.16686  -0.58613   0.23408  -0.43441  -0.00490  -0.05989  -0.12094   0.35619   1.04108  -0.10160  -0.35841
   0.78385   1.79473  -0.22104  -1.33910  -0.19685   0.00267  -0.03789  -1.31619  -0.38470  -0.07656  -0.23881  -0.66762

 Columns 169 through 180:

   0.15072  -0.38296  -2.20457  -0.49112   0.65000  -0.82901  -1.97990   0.52950  -0.12971  -0.98402  -1.57562  -2.98155
   0.42189  -1.19866  -0.64500   0.42521   1.05601   0.71576   0.91662   0.64449   0.70915  -0.18253  -0.84780  -0.82751
  -1.42758   0.24024   0.08475   0.28380   0.44000  -1.51953  -0.48964  -0.56195  -0.21067   0.28565   0.12484   0.14938
  -0.23807   0.69015   1.99217   2.03844   1.35958  -0.70733  -0.57007  -0.72257  -1.83250  -0.30135  -0.50288  -2.39116
   0.57808   0.32062   1.12330  -0.04439  -0.17007  -0.76335  -0.11605  -0.35238   0.92434   0.78779   0.40701  -0.51948
  -1.03175   0.05504   0.54468   0.46779   0.60452   1.86734   1.27237   1.12315   0.77791  -1.01824  -1.72787  -0.06999
   0.57239  -0.45081  -1.88195  -1.18411  -1.07495   0.44204  -0.35128   0.37519   0.55621  -0.55029   0.54385   0.68709
   0.22916   0.43275   1.01520   1.25526   0.41815   0.12204   0.92164   0.16004  -1.07019   1.24499  -0.41582  -1.18974
   0.00141   0.45435   0.27302  -0.48894   0.12916  -0.12590  -0.00028  -1.16528  -0.45587  -0.74088  -0.58900   0.31342
  -0.05841   0.36440  -0.46830   1.14049   1.02397   1.17674   0.75500   1.66551   0.27339   1.40604   0.16482  -0.97805

 Columns 181 through 192:

  -0.44663   0.04222  -0.47946  -0.22139  -0.73762  -0.90287  -0.40072  -0.22158   0.21511   0.48535   0.46604   1.05029
  -0.09753  -0.04925   0.32174   0.45561   0.79947   0.09336  -0.76650   0.44308  -0.67989  -1.83087  -0.59202  -0.18376
  -0.24846   0.00243  -0.04908   0.58671   0.44976   0.21882   0.28947   0.59838  -0.80528   0.51695   0.43479   0.21584
  -0.15709  -0.10406  -1.00298  -2.92437  -1.38690  -0.85625  -1.78793  -0.67056  -0.73268   0.22814  -0.42328  -0.13941
  -0.16259   0.01827  -0.27149   0.17233  -0.60816  -0.64141   0.29118  -1.38043   0.82738   0.05476   1.02625  -0.27123
  -0.01744   0.00633   0.36802   0.36817  -2.00684  -0.19219  -1.38578  -0.12381  -0.24358   1.09610  -0.39859  -0.09699
  -0.42333   0.00760  -0.07573  -0.50616  -0.63020  -0.22692   0.66796  -0.43406   1.02113   0.48618  -2.67771  -0.84087
  -0.24947   0.00352  -0.04123  -0.22788  -0.23926   1.13104  -0.28003  -0.08345   0.91290   1.47772   0.12247   0.20187
  -0.72226  -0.00101  -0.09769  -0.34931  -0.34965   0.84392   0.61738   0.41837  -0.72625  -0.48479   0.34700   0.58405
  -0.31518   0.00104  -0.12889  -0.79242   0.50431   0.27889   0.69981   0.61339   0.23330  -0.71088  -1.12621   0.49199

 Columns 193 through 204:

   0.63391   0.94619   0.69503   0.16779  -1.46403  -0.19491  -0.23428  -2.18565  -0.12711   0.02771  -0.26425   0.74679
   0.21589   0.16386   0.87781   0.22023   0.20749  -0.08402  -0.41359  -0.77744  -0.07556   0.09319  -1.13006  -0.46955
   0.32516  -1.27840  -0.61276   0.07883  -0.14048  -0.12224   0.56324   0.28969  -0.43667   0.00208  -0.04161   0.09408
  -0.04466   1.26456   2.22903  -1.09966  -0.71262  -0.35517  -0.91002  -2.63453  -0.43387  -0.08007  -1.60279  -3.23724
  -0.00162  -1.93050   0.02477  -0.05618   0.29620  -0.47414  -0.19907   0.13245  -0.25514   0.03320  -0.51760  -0.74259
  -1.04314   0.01465   0.77657   1.04375   1.37911   0.05169  -2.19189  -0.29491  -0.00835   0.01360   0.56027   0.86167
  -0.91025  -0.39282  -0.40766  -0.01822   0.49509  -0.30626  -1.13252   0.16509  -0.05590   0.00053  -0.02298  -0.61092
   1.01983   0.44760   0.06726  -0.64782   0.58846   1.24133   0.11655  -1.14605  -0.31880   0.00910  -0.09212  -0.52553
  -0.01165   0.04058  -0.36117  -0.93945  -0.10588  -0.58367  -0.94297   0.51220  -0.75869   0.00268  -0.13327  -0.34616
  -2.11000  -2.48820  -1.73297   0.01351  -0.77594   1.53704  -0.16349  -0.54193  -0.27673  -0.00833  -0.15195   0.01610

 Columns 205 through 216:

  -1.49540  -2.44841   0.36482  -0.44157   0.54303   2.96939   2.94384   2.05942   2.40199  -0.05529   1.34563  -0.05542
   0.91996   0.32663  -0.35216   0.48452  -0.55636  -0.62541  -1.52250  -0.39315   0.51694   0.22381   0.44474   0.29499
  -0.24323  -0.41652   0.62789  -0.53512   0.22348   1.15798   0.25939   0.05412  -0.24352  -1.65742  -1.00503   0.13300
  -0.17724  -0.76644  -1.60969  -1.42224  -2.86721  -0.92470  -0.48857  -0.75432   0.45083  -0.01843   0.65994   0.38211
  -0.38878  -0.11970   0.09905  -0.47588   0.42080  -1.06561  -0.31289  -0.87750   0.34546  -1.17941   0.84550  -1.09761
  -1.11669  -0.22972  -0.09654  -0.71996  -1.17644  -0.27239  -0.31034   2.26781   0.15702  -0.05357   0.63020   0.54036
  -0.10835  -0.10455  -0.56501   1.13840   0.12776   0.69973  -1.67195  -0.59395  -1.07918   1.19442   0.24714  -0.86343
   0.13113   0.86399  -0.58896  -0.51938  -1.23651   0.13998   0.76357  -0.12653   0.33568   0.23589  -1.20507  -0.93787
  -1.14773   0.69579   2.02414   0.98030   0.74383  -0.13918   0.49506   0.23833  -1.32922   0.25231  -0.18463  -1.14664
   0.52864  -0.20532   0.57262   0.67047  -0.10865  -0.91238  -2.13268  -3.45843  -3.98914  -1.57011  -1.18892  -1.68614

 Columns 217 through 228:

   0.13627  -0.26748  -1.57294  -1.68379   0.04837   0.00807  -0.15972   0.50661   2.17587   0.70866  -0.47189  -0.95193
  -1.09565  -0.22790  -0.24899  -0.97005  -0.05380   0.27532  -0.83310  -0.88133   0.15914   0.42195  -0.13157  -0.86702
   0.05156   0.12487   0.02158  -0.61957  -0.38809   0.00312  -0.07097   0.34083   0.67028   0.37559  -0.24296   0.83307
  -0.39152  -0.47991   0.09520  -1.09237  -1.02634  -0.28362  -1.07674  -2.09841   0.62731  -0.24275  -2.21323   1.00884
   0.35670   0.38200   0.68861  -0.29522  -0.27963   0.03589  -0.50768  -1.32569  -0.73492  -0.41116  -0.64689  -0.61302
   0.21557   0.07525  -2.60193  -0.49835  -0.02030  -0.01060  -0.10372   0.45135  -0.85893  -0.70544  -0.65027  -0.64778
  -0.42838  -0.88631   1.59113  -0.22905  -0.47248  -0.00011  -0.01338  -0.39732  -1.69013   0.62383  -0.37803   0.68964
   0.20099  -0.39384   0.77808  -0.87331  -0.22505   0.01012  -0.13604  -0.67249   0.01333   0.27812  -0.00930  -0.04575
  -0.17723  -0.67863  -1.40018   1.15863   0.07552   0.00590  -0.14664  -0.52715  -1.63973   0.57336   1.86139  -0.45267
   0.31946   0.64615  -0.43881  -1.07323  -0.11966  -0.01569  -0.39249  -0.79694   0.19950   0.57772   0.37286  -0.30717

 Columns 229 through 240:

   1.88805   1.31237   0.42483  -1.06272   0.20305  -1.87676  -1.13867   0.69861   0.93603   0.85686  -2.79056  -1.87043
  -0.05887   0.35127  -0.41691  -0.54659   0.28758   0.39219   0.02236   0.39733  -0.77012  -0.51075  -0.85494  -1.18547
   1.44589  -0.32310   0.78962   0.23936   0.05550   0.64675   0.60954   0.21630   0.36263   0.17096  -0.30740  -0.98676
  -0.32982   1.53647  -0.10622   0.72239   2.16451   1.00661   0.63896   0.94304  -1.48210  -0.14943  -0.95552  -1.36259
  -1.51024   0.52671  -1.57532  -0.12429  -1.76560   0.64772  -0.46026  -0.94415   0.17095  -0.13771   0.10099  -0.43176
  -2.06618  -0.59242  -0.45656  -0.57168  -0.12284  -1.33325   0.77209   0.70545   1.29735   0.13214  -1.47402  -0.24724
   1.60781   1.61313   0.22277  -0.06303  -1.08395   0.45582  -1.12574  -0.15277  -0.41430   0.12107   0.18803  -0.47406
  -0.55355  -0.14375   1.69762   0.75270   0.67560   0.23185   0.24320  -0.57661  -0.41934  -0.22002   1.10224  -0.70371
  -0.52896   0.38524   0.34071   1.15897   1.08231  -0.39716  -0.09634  -0.70982  -0.49094  -1.04441  -0.12755   0.11172
  -0.56563  -0.86863  -2.25938  -2.20743  -0.36684  -0.69607  -0.33760  -0.88275   0.05230  -0.75715  -0.64762  -0.82930

 Columns 241 through 252:

  -0.05338   0.02204  -0.18674  -2.36088  -2.85272  -1.48367  -2.03748  -0.44376   0.00725   0.09730   0.08805   0.89060
  -0.10773   0.08114  -0.65948  -1.28596   0.50489   0.38663  -1.13831   0.72488  -0.09301  -1.04817   0.17536   0.28271
  -0.26678   0.00373  -0.05470   0.89841  -0.27078  -0.26550   0.44933   0.01427   0.33115   0.63603   0.99650  -0.59949
  -0.54670  -0.05994  -1.38709  -3.38147   0.42909  -0.35086  -1.06576  -0.70842  -0.30108  -0.05805   1.31407  -0.02361
  -0.19187   0.04006  -0.45582  -1.72052   0.82863  -0.42523  -0.57518   0.46227  -2.30152  -0.08869  -0.80971   0.12377
  -0.01787  -0.04206   0.32743   0.48834  -1.42157  -0.22020  -0.31175  -2.19706  -1.54091   0.21382  -0.11975  -0.00303
   0.09568   0.00276  -0.01728  -0.02101  -3.56225   0.14148   0.44693   0.65279   0.53115   1.78558  -0.61372   0.15563
  -0.10332   0.01291  -0.15594  -1.02548   0.23559   0.90008  -0.75348   0.37491   0.08028  -0.79573  -1.15070   0.40435
  -0.20020   0.01719  -0.17064  -0.83397  -2.20774   0.99836   0.84216  -0.24166  -0.23580   1.13906  -0.13211   0.79623
   0.00276   0.04637  -0.68074  -0.51663  -0.01750  -0.18098   1.20761   0.04717   1.04728   0.64208  -0.07251   0.17001

 Columns 253 through 264:

   1.17072  -0.93076  -0.78778  -1.23046  -1.23113   2.25347   0.70737  -0.89974  -0.11712   0.01762  -0.24235  -0.89968
  -0.96287   0.56112   0.52990  -0.38498   0.38940   0.77497   0.21434  -0.51446  -0.06976   0.05951  -0.91237  -1.32302
  -0.38900   0.18655  -0.09624  -0.32927   0.66938   0.19943  -0.57904  -0.80925  -0.11766   0.00206  -0.03595   0.67552
  -0.20163   0.63882  -1.40039   0.01516   0.48169   1.60312  -0.65534  -2.77167  -0.44613  -0.00149  -0.68647  -1.70363
  -0.77466   0.83139  -0.03118   0.64856  -0.58511   0.03033  -0.19507  -0.41733  -0.22097   0.02237  -0.25370  -1.36208
   0.38722  -0.13362   1.01353  -0.40057   0.59321  -1.15814  -1.05473  -0.15998  -0.00755  -0.06929   1.06702   1.11450
   1.22498  -0.86255   0.01297  -0.25659  -0.60299  -1.43270  -0.65422   0.76632   0.42377   0.00222  -0.01344  -0.02856
  -0.78896  -0.09007  -0.61982  -0.35905   0.72502  -0.05710   0.50709  -0.52584  -0.05875   0.01443  -0.17053  -0.60273
  -0.07924  -0.03821   0.68329  -1.12186  -0.78305  -0.80605   0.13678   1.45038  -0.14470   0.01363  -0.13888  -0.65846
  -0.67599  -0.16010  -0.38592  -0.73565  -1.81271  -0.44718  -0.29337  -0.33465  -0.02634   0.02809  -0.32439  -0.25473

 Columns 265 through 276:

   1.53965   0.64245   1.87001  -0.91814  -1.26802   1.31674  -1.40523  -1.31256  -2.53541  -1.36497   1.28672   1.69009
  -0.60963   0.64315  -0.60668   1.05563  -0.39603  -1.26703  -0.45381  -0.74267   0.37351   0.00363  -0.25369   0.09935
  -0.06586  -0.30290   0.71346  -0.39645   0.24309   0.79202  -0.55010  -0.36650   0.15743   1.51745   0.48610  -0.08024
  -1.25505  -1.07033   0.65498  -0.40029   0.15608  -0.34201   0.96104   1.04530   0.77896   0.26382  -0.22708  -1.25869
  -0.39354   0.09156  -0.54052   0.23257  -1.32499  -1.27404  -0.40887  -0.31198  -0.01115  -1.04562   0.68291  -0.74430
  -0.82775   0.83030  -2.17863  -2.66801  -0.40658  -0.71134  -0.70417  -0.56492  -0.04994  -0.04353   0.23958   0.01528
  -2.44802  -1.17082  -0.04247   0.28057   0.45257   1.82040  -1.31658   0.11428   1.12331   0.35191  -0.40943  -1.28336
   0.35410  -0.44010   0.05253  -0.13004   0.07355   0.92623  -0.66775  -0.72688  -0.57765  -0.95888  -0.57366   0.19727
  -1.85237   0.57564  -0.35606  -0.56106   0.67121   0.06462   0.60743  -0.43053  -0.93903   0.34765  -0.48048  -0.06739
   0.21847  -0.21354   0.94218   0.97343   1.43936   0.85481  -0.87768  -0.75991  -0.27179   0.29245  -0.00942  -0.85055

 Columns 277 through 288:

  -0.81991   1.24550   0.33853  -0.76981  -0.03814   0.00250  -0.01617  -0.53498  -0.63909  -0.28278  -0.58728  -1.03993
   0.48481  -0.44030   0.83095  -0.09438  -0.08152   0.03486  -0.46264  -0.09012  -0.80208  -0.09466  -0.25993   0.12459
   0.07079   0.14743   0.22945   0.13080   0.05471  -0.00055  -0.00756   0.21463  -0.95759  -0.42679   0.37250   0.62008
   0.03721   0.84219  -1.30043  -1.39518  -0.10795   0.03210  -0.44536  -0.55905   1.23228   0.71054  -0.72223  -0.55032
   0.14871   0.10493  -0.53588  -0.82194  -0.29906   0.01803  -0.29650  -0.39064   0.01134   0.26047   0.98532  -0.03319
   2.03210  -0.21446  -0.86538  -0.16056   0.00108   0.03592   0.67623   0.87149   1.22606  -0.91740  -2.80784  -0.14719
  -1.38972  -1.56635  -1.01686   0.98787   0.50437   0.00063   0.00004  -0.02082  -1.35809  -1.10995   0.32052   0.02089
   0.15050   0.25038   0.58129  -0.12543  -0.03167   0.00602  -0.06008  -0.61846  -0.03895   0.00564  -0.11790   0.26687
  -0.29840  -1.40648  -0.21341   1.48971   0.34378   0.00143  -0.04886  -0.37276  -1.40110  -0.16720   0.87842  -0.50547
  -1.33172   0.19813  -0.36952  -0.29100   0.00516   0.00192  -0.07045  -0.42664  -0.11460   1.07632   0.33193  -1.22320

 Columns 289 through 300:

  -0.70669  -2.34907  -2.11910  -1.09482  -1.97145  -1.39445   1.87700  -0.88143  -0.24407   2.21499  -1.21465  -0.68352
   0.87541   0.41680   0.14958  -0.31716   0.58181  -0.57078  -0.49166   0.88655   0.67725  -0.91920   0.79416  -0.34596
   0.37682  -0.20023  -0.49290   0.08396  -0.15304   0.09672  -0.19901   0.25609   0.51029   0.32612  -0.32020   0.21193
  -0.43054  -1.43794   1.08985  -0.25515  -0.07351   0.30990   0.91162  -0.20237   0.48014   0.10841  -1.48774  -0.96336
  -1.99480  -2.43227   1.12595  -0.72706   0.37869   0.07028   0.27923   0.52979   0.65094  -0.14857  -0.18785  -0.96996
   0.08947  -1.51319   0.44920   0.96825  -1.23078   1.25986  -0.39415   0.13648   0.26058  -0.59118  -0.52566  -0.11046
   0.48234   0.27423  -0.25735   0.41863   0.83889  -0.29992  -1.27883  -0.87353  -0.84194  -1.47226  -1.49881   0.39516
   0.87498   1.06056  -0.04958  -1.16887   0.60287  -0.30409  -0.85097  -0.17173  -0.75958  -0.17299   0.40498  -0.09765
  -0.33788   1.40594   0.68327   0.41664  -0.81039  -0.17097   0.67180   0.28645  -0.64657  -0.70524   0.50033   1.22469
   0.26496   1.01913  -0.34294  -0.26620   0.44903  -0.40058   0.06102  -1.20704  -0.32722   0.04430  -0.99221  -0.36845

 Columns 301 through 312:

  -0.04045  -0.00016   0.01827  -0.16584  -1.27941  -1.19217   1.02145  -0.31710  -1.46596  -1.22625  -0.92243  -1.30652
  -0.02741   0.00267  -0.11531  -0.28542  -1.07027  -0.47704   0.73939  -0.34854   0.14519  -0.24809  -0.45370  -0.88980
   0.16158  -0.00033   0.01268  -0.08983  -0.91898  -0.75469  -0.85066   0.58381   0.43683  -0.73704  -0.96660  -0.21279
  -0.12102   0.03612  -0.48161  -0.16499   1.00052   0.22285   1.34851  -0.44711   0.68005   0.41386   0.13374   0.40934
  -0.20757   0.02550  -0.32266  -0.33496   0.66157   0.32712   0.37899   1.03431  -0.78724  -3.28380   0.49717  -0.00720
  -0.00837   0.00534   0.30072  -1.22975  -0.04199  -0.83423  -0.86598  -1.37094  -1.90262   0.58656   0.03452   1.58605
   0.38456  -0.00000   0.00197   0.02411  -0.87391  -0.44664   0.33296   0.42910  -0.03147   0.20163   1.09713   0.30766
  -0.03380  -0.00013  -0.00098  -0.26698   0.12354   0.25832  -0.45767  -0.16883   0.68186   0.17433   0.55904  -0.83850
   0.22311  -0.00203  -0.00341  -0.05883  -1.05449  -1.68112   0.53462  -0.57832   0.03965   0.94672   0.67349   0.61616
  -0.01397   0.00260  -0.03114  -0.69257  -0.57616   0.77288  -0.56309  -0.06691   1.20616   0.79348  -0.38331  -0.00082

 Columns 313 through 324:

  -1.68905  -1.58447  -1.43016  -0.65638   0.57551   0.12445  -1.41870  -0.01600  -0.00814  -0.00001  -0.01203   0.08367
  -0.17808   0.73570   0.35110   0.23631   0.87824   0.37294   0.26786  -0.29072   0.00707  -0.00213   0.01580  -0.16262
   0.31274   0.91508   0.53346   0.82518   0.72632  -0.29474  -0.03705   0.23248   0.01220   0.00002   0.00859  -0.09106
  -0.39608  -1.59157  -1.71032  -0.16768   1.01180   0.68829  -1.33677  -1.57587  -0.62120   0.00790  -0.10624   0.02599
  -0.31798   0.38517   0.06267  -0.57082   0.25064   0.47697  -0.51361  -1.02363  -0.66095   0.00492  -0.04907  -0.13738
   0.11185  -0.95872  -1.01568   0.38091  -1.62772  -0.89932  -0.19118  -0.08578  -0.08646  -0.00594   0.08368  -1.78174
   0.58866  -1.47329  -0.68560  -0.69226  -0.21309  -1.21354  -0.67181   0.36967   1.15565  -0.00000   0.00138   0.02018
  -0.60229  -0.11252   0.01982   0.55654   0.02748   0.46637   0.08277  -0.16251  -0.02799   0.00344  -0.03305  -0.15652
  -0.66580  -1.19241  -0.49124  -0.47977  -0.74033  -0.20893   1.17539   1.31050   0.06267  -0.00036   0.00242   0.00428
  -0.45442   0.50321   0.84042  -0.49754   0.25287  -0.33671  -0.63465  -0.38524  -0.16885   0.00052  -0.00410  -0.14896

 Columns 325 through 336:

   0.66953  -1.01483  -0.99303  -1.19100  -0.95799  -0.45476  -0.31369  -0.18264  -0.32482  -0.89322   0.26839   0.80698
  -0.99759  -1.00091  -0.55121  -0.47947  -0.41260  -1.25719  -0.33158  -1.28122  -1.28930   1.32973   0.30294  -0.03059
  -0.39352  -0.41203  -0.52355  -0.43205   0.06684  -0.33101  -0.78181   0.00665   0.73389   0.18836  -0.97597  -0.87265
   0.33482   1.42224   0.31665  -1.34388   0.27888  -1.07980  -1.40808   0.21938   1.17535   0.96791  -2.10641  -0.87155
   0.22727   0.26657   0.06487   0.29507  -0.75275  -4.60260  -3.61631  -1.00320  -0.62031  -0.13376   0.45041   1.27254
  -0.62832   0.53313  -0.80144  -1.10584  -1.38320   0.37924   0.01650   0.95661   1.00434   0.52812   0.30456  -0.03168
  -0.43349  -0.46182  -0.32452   0.56136   1.05639  -0.34787  -0.67119  -0.59362   0.33592  -1.51006  -1.48052  -1.79629
  -0.41013   0.09575   0.50010   1.33600   1.35815   0.62617   0.37143  -0.15755  -0.46030  -0.53942   0.24965   0.42011
  -0.51483  -1.57387  -1.26717  -1.60244  -0.58882   0.18130  -0.51080  -0.69892  -1.09140  -1.24428  -0.45706   0.21187
  -0.04084  -0.11590  -0.54935  -0.05420   0.99080   0.76187   0.63721   1.39281   0.60059  -0.00893  -1.29555  -1.18948

 Columns 337 through 348:

   0.19343  -0.58837  -0.44172  -0.01280  -0.00658   0.00001  -0.00602   0.04098   0.36918  -0.97555  -1.38082  -0.70603
   0.95961   0.69513   0.06355  -0.14182   0.00677  -0.00069   0.01310  -0.02083   0.01231  -0.54356  -1.40131  -1.32088
  -0.38263  -0.28118   0.03181   0.09158  -0.01327   0.00001   0.00090   0.00016  -0.08301  -0.67614  -1.38274  -1.33585
   0.70262   0.59030  -0.20395   0.02695  -0.21545  -0.00099   0.01614  -0.00389  -0.35290  -0.59319  -0.07722  -1.67375
   1.68691   0.74450  -0.11652  -0.13616  -0.15634  -0.00061   0.00019   0.18443   0.40569   0.83237   1.72700   3.80108
  -1.36899  -0.63492  -0.08276  -0.00061  -0.02162   0.00063   0.02826  -1.34272  -1.25649   0.24551  -1.25562  -2.62767
  -1.97884  -2.07948  -1.09219  -0.60474   0.18497   0.00002   0.00050   0.00417  -0.08060  -0.63591  -1.19978  -0.47244
   0.24564   0.12425  -0.16537  -0.09367   0.00532   0.00316  -0.03530  -0.03266  -0.09965  -0.34911  -0.40551   0.12628
   0.39024   0.31650   1.00230   0.64560   0.07516   0.00006   0.00154   0.00414  -0.17866  -0.65756  -1.37764  -1.42485
  -0.89972  -0.54949  -0.12472  -0.20505  -0.09998  -0.00005  -0.00717   0.05986   0.32913  -0.75136  -0.91705  -0.07498

 Columns 349 through 360:

   0.01266  -0.01098  -0.26874  -0.04069  -0.11667  -0.32924   0.52168   2.45495   2.71497   0.62974  -0.22635  -0.01347
   0.35039   0.63589   0.54607  -0.77406  -0.01423   1.00383   0.26965   0.30417   0.35997   0.07945  -0.09039  -0.02203
  -0.49389  -0.16458  -0.18580   0.00196   0.27359  -0.31337  -0.67918  -0.54603  -0.44130  -0.05416  -0.05507  -0.01151
  -0.76766  -0.67759  -0.86725  -2.05168  -1.20613   0.11482  -1.19054  -0.75036  -0.35659   0.23161   0.25710   0.22982
   1.98271  -1.73777  -2.22747   0.17552   1.35425   1.29532   0.82286   0.79574   0.67209   0.10516  -0.06245  -0.00116
  -0.98258   0.95584   1.35027   0.73574  -0.71680  -1.40775  -0.52981  -0.89739  -0.84123  -0.33277   0.00763   0.00116
   0.20372  -0.80873  -1.28903  -0.20898  -0.24442  -0.50078   0.77213  -0.04563  -0.23431  -0.16997  -0.06635  -0.05489
   0.04437   0.54919  -0.26059  -0.06279   0.23228  -0.01788  -0.18245  -0.09365  -0.15960  -0.08360  -0.01634  -0.03113
  -0.71431  -0.10734  -0.69353  -0.98051  -1.10834  -0.94332  -0.21640   0.55001   0.43304   0.06011   0.07334   0.09648
   0.08203   0.03550   0.48689   0.81692   0.46695  -0.58576  -0.96566  -1.01828  -0.75610  -0.36825   0.00293  -0.01501

 Columns 361 through 372:

   0.00029  -0.00000   0.00077   0.00269  -0.09662  -0.37369  -0.13930  -0.16332   0.65327   0.49427  -0.13058   0.25810
   0.00183   0.00003  -0.00082  -0.00461   0.10260  -0.02070  -0.46099  -0.51163  -0.03712   0.73229   0.50693   0.28448
   0.00098  -0.00000  -0.00003   0.00167  -0.00193  -0.11714  -0.40134  -0.31611  -0.09878  -0.01958   0.01040   0.00677
  -0.00545  -0.00000   0.00083  -0.00152  -0.06864  -0.28524   0.79085   0.57671   0.15081  -0.74642  -0.91248  -0.59464
   0.02118  -0.00000  -0.00710   0.00646   0.69646   1.12096   0.82774   2.75155   3.42206   1.15863  -0.04783  -0.27628
   0.00278  -0.00000   0.00114   0.00044   0.10645   0.76302  -0.26284  -0.74941  -0.20414  -1.00951  -0.31251   1.14136
  -0.05429  -0.00000  -0.00000   0.00022   0.00817  -0.11725  -0.59567  -0.63618  -0.21822  -0.04108  -0.04161   0.47307
   0.00627  -0.00013   0.00153  -0.00111   0.04686  -0.29609  -0.73438  -0.76684  -0.42825  -0.10610   0.02397  -0.09984
  -0.00073  -0.00000  -0.00003   0.00087   0.00834  -0.16029  -0.80686  -0.64854  -0.22425  -0.20066  -0.09521   0.03859
  -0.00061  -0.00000   0.00041   0.00331  -0.02597  -0.71256  -0.76401  -0.33218  -0.11991  -0.06110  -0.13062  -0.12442

 Columns 373 through 384:

   0.03373  -0.10411  -0.00131   0.52981   1.72400   0.45104  -0.04580   0.00078   0.00008   0.00000  -0.00004   0.00109
   1.74419   1.24258   0.59917   0.24962   0.06392   0.03073   0.00856   0.00124  -0.00012   0.00000   0.00002   0.00074
  -0.02953  -0.07043  -0.03190  -0.07326  -0.02657   0.00187   0.00251   0.00007   0.00002   0.00000  -0.00000   0.00002
  -1.45774  -1.11026  -0.19253  -0.03449   0.03528   0.01214  -0.00948  -0.01082   0.00186   0.00000  -0.00008   0.00220
  -0.23247  -0.06336  -0.00694  -0.46902  -0.29282  -0.04185   0.00822   0.00116  -0.00007   0.00000   0.00061  -0.00815
   0.00332  -0.47272  -0.24871  -0.22018  -0.06393  -0.01377   0.00348   0.00008  -0.00000   0.00000  -0.00015  -0.00296
   0.03784  -0.09889  -0.00498   0.01389   0.01770   0.02207   0.01319   0.00937   0.00238   0.00000  -0.00000   0.00000
  -0.25764  -0.24871  -0.18960  -0.24281  -0.06637   0.00285   0.00204   0.00199  -0.00042   0.00000  -0.00002  -0.00120
  -0.13564  -0.19467  -0.04228  -0.00693  -0.05491  -0.03726  -0.00996  -0.00788  -0.00113   0.00000  -0.00000   0.00002
  -0.28386  -0.38806  -0.10235   0.02346   0.03380   0.01496   0.00088   0.00280   0.00101   0.00000  -0.00002  -0.00016

 Columns 385 through 396:

  -0.00595   0.00939  -0.00509   0.00607  -0.06218  -0.05507   0.00419   0.04591   0.00166   0.06329   0.32724  -0.01528
  -0.00827  -0.02666   0.00662   0.02213  -0.01313   0.02451   0.08489   0.17568   0.38910   0.30850  -0.01582   0.03030
  -0.00005   0.00542   0.02927   0.01832   0.00624   0.00179  -0.00110   0.00873   0.01528   0.00082  -0.00997  -0.00256
   0.00294  -0.25388  -0.22637  -0.24610  -0.02875  -0.09224  -0.13457  -0.07034  -0.20384  -0.26965  -0.01352   0.00743
   0.00508   0.05541  -0.20861   0.06417   0.21609   0.14119  -0.00928  -0.01686  -0.11345  -0.14204  -0.02836  -0.07903
  -0.00044   0.83712   0.52906  -0.17390   0.02155  -0.03242  -0.15009  -0.18651  -0.21111  -0.11316  -0.02260  -0.02807
   0.00173  -0.02340  -0.05850  -0.08962  -0.01199  -0.00796  -0.00176  -0.04494  -0.01279  -0.00349  -0.01539  -0.00289
   0.01443  -0.01406   0.04012   0.07068   0.00248   0.02267   0.00890  -0.02105  -0.05544  -0.05437  -0.02918  -0.02682
   0.00243  -0.03635  -0.10907  -0.03600   0.01548   0.00360   0.00312   0.00665  -0.04438  -0.08549  -0.02107   0.00109
   0.01320  -0.16005  -0.02014  -0.06063  -0.00188   0.00950   0.01186   0.00754   0.02175   0.03339   0.01128   0.00289

 Columns 397 through 401:

  -0.15726  -0.03921   0.00486   0.00000   0.00000
   0.00845   0.01533   0.00423  -0.00048   0.00000
  -0.00335   0.00049  -0.00003   0.00000   0.00000
  -0.00370  -0.00250   0.00020   0.00001   0.00000
  -0.01316   0.00465  -0.00037  -0.00000   0.00000
  -0.00684   0.00199  -0.00028   0.00001   0.00000
  -0.00302  -0.00379  -0.00079   0.00010   0.00000
  -0.01130   0.00063  -0.00011   0.00001   0.00000
   0.00275   0.00093  -0.00064   0.00004   0.00000
   0.00500   0.00091  -0.00026   0.00001   0.00000

